name: scapp
channels:
  - bioconda
  - conda-forge
  - defaults
dependencies:
  - _libgcc_mutex=0.1=conda_forge
  - _openmp_mutex=4.5=2_gnu
  - blast=2.14.0=pl5321h6f7f691_2
  - bwa=0.7.17=he4a0461_11
  - bzip2=1.0.8=h7f98852_4
  - c-ares=1.19.1=hd590300_0
  - ca-certificates=2023.7.22=hbcca054_0
  - curl=7.87.0=h6312ad2_0
  - decorator=5.1.1=pyhd8ed1ab_0
  - entrez-direct=16.2=he881be0_1
  - gettext=0.21.1=h27087fc_0
  - htslib=1.10.2=h78d89cc_0
  - icu=70.1=h27087fc_0
  - joblib=0.14.1=pyh9f0ad1d_0
  - keyutils=1.6.1=h166bdaf_0
  - krb5=1.20.1=hf9c8cef_0
  - ld_impl_linux-64=2.40=h41732ed_0
  - libblas=3.9.0=8_openblas
  - libcblas=3.9.0=8_openblas
  - libcurl=7.87.0=h6312ad2_0
  - libdeflate=1.3=h516909a_0
  - libedit=3.1.20191231=he28a2e2_2
  - libev=4.33=h516909a_1
  - libffi=3.4.2=h7f98852_5
  - libgcc-ng=13.1.0=he5830b7_0
  - libgfortran-ng=7.5.0=h14aa051_20
  - libgfortran4=7.5.0=h14aa051_20
  - libgomp=13.1.0=he5830b7_0
  - libiconv=1.17=h166bdaf_0
  - libidn2=2.3.4=h166bdaf_0
  - liblapack=3.9.0=8_openblas
  - libnghttp2=1.51.0=hdcd2b5c_0
  - libnsl=2.0.0=h7f98852_0
  - libopenblas=0.3.12=pthreads_hb3c22a3_1
  - libssh2=1.10.0=haa6b8db_3
  - libstdcxx-ng=13.1.0=hfd8a6a1_0
  - libunistring=0.9.10=h7f98852_0
  - libxml2=2.9.14=h22db469_4
  - libzlib=1.2.13=hd590300_5
  - ncbi-vdb=3.0.6=hdbdd923_0
  - ncurses=6.2=h58526e2_4
  - networkx=2.4=py_1
  - numpy=1.17.5=py37haa41c4c_1
  - openssl=1.1.1v=hd590300_0
  - ossuuid=1.6.2=hf484d3e_1000
  - pcre=8.45=h9c3ff4c_0
  - perl=5.32.1=4_hd590300_perl5
  - perl-alien-build=2.48=pl5321hec16e2b_0
  - perl-alien-libxml2=0.17=pl5321hec16e2b_0
  - perl-archive-tar=2.40=pl5321hdfd78af_0
  - perl-business-isbn=3.007=pl5321hdfd78af_0
  - perl-business-isbn-data=20210112.006=pl5321hdfd78af_0
  - perl-capture-tiny=0.48=pl5321hdfd78af_2
  - perl-carp=1.38=pl5321hdfd78af_4
  - perl-common-sense=3.75=pl5321hdfd78af_0
  - perl-compress-raw-bzip2=2.201=pl5321h87f3376_1
  - perl-compress-raw-zlib=2.105=pl5321h87f3376_0
  - perl-constant=1.33=pl5321hdfd78af_2
  - perl-data-dumper=2.183=pl5321hec16e2b_1
  - perl-encode=3.19=pl5321hec16e2b_1
  - perl-exporter=5.72=pl5321hdfd78af_2
  - perl-exporter-tiny=1.002002=pl5321hdfd78af_0
  - perl-extutils-makemaker=7.70=pl5321hd8ed1ab_0
  - perl-ffi-checklib=0.28=pl5321hdfd78af_0
  - perl-file-chdir=0.1010=pl5321hdfd78af_3
  - perl-file-path=2.18=pl5321hd8ed1ab_0
  - perl-file-temp=0.2304=pl5321hd8ed1ab_0
  - perl-file-which=1.24=pl5321hd8ed1ab_0
  - perl-importer=0.026=pl5321hdfd78af_0
  - perl-io-compress=2.201=pl5321hdbdd923_2
  - perl-io-zlib=1.14=pl5321hdfd78af_0
  - perl-json=4.10=pl5321hdfd78af_0
  - perl-json-xs=2.34=pl5321h4ac6f70_6
  - perl-list-moreutils=0.430=pl5321hdfd78af_0
  - perl-list-moreutils-xs=0.430=pl5321h031d066_2
  - perl-mime-base64=3.16=pl5321hec16e2b_2
  - perl-parent=0.236=pl5321hdfd78af_2
  - perl-path-tiny=0.122=pl5321hdfd78af_0
  - perl-pathtools=3.75=pl5321hec16e2b_3
  - perl-scalar-list-utils=1.62=pl5321hec16e2b_1
  - perl-scope-guard=0.21=pl5321hdfd78af_3
  - perl-sub-info=0.002=pl5321hdfd78af_1
  - perl-term-table=0.016=pl5321hdfd78af_0
  - perl-test2-suite=0.000145=pl5321hdfd78af_0
  - perl-types-serialiser=1.01=pl5321hdfd78af_0
  - perl-uri=5.12=pl5321hdfd78af_0
  - perl-xml-libxml=2.0207=pl5321h661654b_0
  - perl-xml-namespacesupport=1.12=pl5321hdfd78af_1
  - perl-xml-sax=1.02=pl5321hdfd78af_1
  - perl-xml-sax-base=1.09=pl5321hdfd78af_1
  - pip=23.2.1=pyhd8ed1ab_0
  - plasclass=0.1.1=pyhdfd78af_0
  - pysam=0.15.3=py37hbcae180_3
  - python=3.7.12=hb7a2778_100_cpython
  - python_abi=3.7=3_cp37m
  - readline=8.1=h46c0cb4_0
  - samtools=1.10=h2e538c0_3
  - scapp=0.1.4=py_0
  - scikit-learn=0.21.3=py37hcdab131_0
  - scipy=1.3.2=py37h921218d_0
  - setuptools=68.0.0=pyhd8ed1ab_0
  - sqlite=3.37.0=h9cd32fc_0
  - tk=8.6.12=h27826a3_0
  - wget=1.20.3=ha56f1ee_1
  - wheel=0.41.1=pyhd8ed1ab_0
  - xz=5.2.6=h166bdaf_0
  - zlib=1.2.13=hd590300_5